1623308185360 0.9231454730033875 0
1623308187131 0.9706727266311646 1
1623308188786 0.9805999994277954 2
1623308190530 0.9861636161804199 3
1623308192201 0.989690899848938 4
1623308193920 0.9922909140586853 5
1623308195728 0.9926000237464905 6
1623308197381 0.994527280330658 7
1623308199038 0.9961636066436768 8
1623308200846 0.9944000244140625 9
1623308202503 0.9957636594772339 10
1623308204217 0.9948182106018066 11
1623308205881 0.9968909025192261 12
1623308207528 0.998127281665802 13
1623308209180 0.9985091090202332 14
1623308210819 0.9952727556228638 15
1623308212479 0.9978727102279663 16
1623308214169 0.9970545172691345 17
1623308215868 0.9981818199157715 18
1623308217578 0.9972545504570007 19
1623308219271 0.9979636073112488 20
1623308220942 0.9972000122070312 21
1623308222608 0.9974545240402222 22
1623308224286 0.9990000128746033 23
1623308226020 0.9976909160614014 24
1623308227948 0.9983272552490234 25
1623308229619 0.9979090690612793 26
1623308231307 0.9980000257492065 27
1623308233007 0.998127281665802 28
1623308234696 0.9991272687911987 29
