1623308185360 0.2609947919845581 0
1623308187131 0.09921762347221375 1
1623308188786 0.06225554272532463 2
1623308190530 0.04402616620063782 3
1623308192201 0.032200850546360016 4
1623308193920 0.024079937487840652 5
1623308195728 0.020625703036785126 6
1623308197381 0.01586584746837616 7
1623308199038 0.01253884844481945 8
1623308200846 0.01614658161997795 9
1623308202503 0.013370918110013008 10
1623308204217 0.014911908656358719 11
1623308205881 0.00944264605641365 12
1623308207528 0.005879285279661417 13
1623308209180 0.004882553592324257 14
1623308210819 0.01478394865989685 15
1623308212479 0.006941342260688543 16
1623308214169 0.01004768442362547 17
1623308215868 0.0057014538906514645 18
1623308217578 0.007900116965174675 19
1623308219271 0.006283838301897049 20
1623308220942 0.008324282243847847 21
1623308222608 0.007954680360853672 22
1623308224286 0.0028624823316931725 23
1623308226020 0.007591042201966047 24
1623308227948 0.005163799971342087 25
1623308229619 0.007015830371528864 26
1623308231307 0.005350593011826277 27
1623308233007 0.006004699505865574 28
1623308234696 0.0029488434083759785 29
