1623307734335 0.9254181981086731 0
1623307735903 0.9714909195899963 1
1623307737631 0.9800909161567688 2
1623307739311 0.9871272444725037 3
1623307740914 0.9898727536201477 4
1623307742504 0.9928181767463684 5
1623307744186 0.9931818246841431 6
1623307745843 0.9939818382263184 7
1623307747381 0.9947636127471924 8
1623307749047 0.9961090683937073 9
1623307750777 0.9958727359771729 10
1623307752298 0.9951090812683105 11
1623307753849 0.9966182112693787 12
1623307755439 0.9975273013114929 13
1623307757034 0.9977636337280273 14
1623307758587 0.9954909086227417 15
1623307760160 0.9960545301437378 16
1623307761892 0.9980363845825195 17
1623307763504 0.998236358165741 18
1623307765170 0.9977272748947144 19
1623307766913 0.9970727562904358 20
1623307768481 0.9983999729156494 21
1623307770012 0.9983999729156494 22
1623307771619 0.9984363913536072 23
1623307773317 0.9974181652069092 24
1623307774852 0.9973636269569397 25
1623307776714 0.9991272687911987 26
1623307778493 0.9987636208534241 27
1623307780330 0.9977090954780579 28
1623307782341 0.9978727102279663 29
1623307783955 0.98089998960495 0
