1623307734335 0.25991663336753845 0
1623307735903 0.0949006900191307 1
1623307737631 0.06336894631385803 2
1623307739311 0.040770113468170166 3
1623307740914 0.03283572569489479 4
1623307742504 0.023640355095267296 5
1623307744186 0.02014833316206932 6
1623307745843 0.017722995951771736 7
1623307747381 0.01578628085553646 8
1623307749047 0.011909566819667816 9
1623307750777 0.012227149680256844 10
1623307752298 0.013708139769732952 11
1623307753849 0.010149034671485424 12
1623307755439 0.007357272785156965 13
1623307757034 0.007274219300597906 14
1623307758587 0.012444366700947285 15
1623307760160 0.011881152167916298 16
1623307761892 0.005821898113936186 17
1623307763504 0.007003700360655785 18
1623307765170 0.007097644731402397 19
1623307766913 0.009088893420994282 20
1623307768481 0.005097675137221813 21
1623307770012 0.005620139185339212 22
1623307771619 0.005065909121185541 23
1623307773317 0.007703866809606552 24
1623307774852 0.008778552524745464 25
1623307776714 0.002436433918774128 26
1623307778493 0.0041754040867090225 27
1623307780330 0.007360737770795822 28
1623307782341 0.0070826029404997826 29
1623307783955 29.5360164642334 0
