1623308039892 0.9231818318367004 0
1623308041569 0.9695090651512146 1
1623308043255 0.9811999797821045 2
1623308044929 0.9862727522850037 3
1623308046671 0.9898909330368042 4
1623308048310 0.9917091131210327 5
1623308049955 0.9922545552253723 6
1623308051602 0.9947817921638489 7
1623308053245 0.9953818321228027 8
1623308054884 0.9957818388938904 9
1623308056528 0.9966182112693787 10
1623308058338 0.9950181841850281 11
1623308060053 0.9964545369148254 12
1623308061830 0.9974727034568787 13
1623308063545 0.9965090751647949 14
1623308065194 0.9960181713104248 15
1623308066870 0.9978545308113098 16
1623308068600 0.9982545375823975 17
1623308070242 0.9977818131446838 18
1623308071950 0.9977818131446838 19
1623308073663 0.9976181983947754 20
1623308075478 0.9977818131446838 21
1623308077351 0.9989818334579468 22
1623308079014 0.9976909160614014 23
1623308080738 0.9967636466026306 24
1623308082421 0.9987999796867371 25
1623308084069 0.9984181523323059 26
1623308085819 0.9977999925613403 27
1623308087605 0.9986545443534851 28
1623308089396 0.9992363452911377 29
1623308090831 0.9789999723434448 0
