1623308039892 0.2609933912754059 0
1623308041569 0.09705117344856262 1
1623308043255 0.0608534961938858 2
1623308044929 0.04348505288362503 3
1623308046671 0.031176205724477768 4
1623308048310 0.025377390906214714 5
1623308049955 0.023182475939393044 6
1623308051602 0.015941977500915527 7
1623308053245 0.014032673090696335 8
1623308054884 0.013202648609876633 9
1623308056528 0.01072982419282198 10
1623308058338 0.014167980290949345 11
1623308060053 0.01096431352198124 12
1623308061830 0.007486209273338318 13
1623308063545 0.009859911166131496 14
1623308065194 0.01198597438633442 15
1623308066870 0.006627037655562162 16
1623308068600 0.005499725230038166 17
1623308070242 0.006188046652823687 18
1623308071950 0.007555994670838118 19
1623308073663 0.007077198475599289 20
1623308075478 0.006806432735174894 21
1623308077351 0.0035853167064487934 22
1623308079014 0.00734040467068553 23
1623308080738 0.010111999697983265 24
1623308082421 0.0037426422350108624 25
1623308084069 0.005235894117504358 26
1623308085819 0.006671432871371508 27
1623308087605 0.0045987339690327644 28
1623308089396 0.002509883837774396 29
1623308090831 32.1907844543457 0
